1000
0,4,142
1,224,248
2,75,327
3,34,178
4,209,327
5,332,317
6,68,45
7,121,40
8,90,279
9,235,282
10,44,106
11,300,239
12,171,347
13,232,126
14,192,294
15,281,76
16,199,134
17,270,84
18,195,287
19,17,117
20,174,324
21,203,198
22,248,89
23,300,158
24,64,10
25,41,299
26,345,150
27,65,52
28,280,63
29,316,312
30,315,67
31,194,110
32,65,225
33,90,106
34,83,24
35,304,257
36,340,227
37,217,91
38,207,209
39,56,104
40,66,279
41,68,70
42,341,176
43,263,286
44,143,137
45,264,6
46,320,58
47,309,79
48,264,31
49,160,161
50,183,80
51,60,302
52,348,269
53,32,169
54,285,118
55,208,87
56,318,211
57,195,132
58,203,324
59,264,281
60,298,204
61,83,26
62,53,129
63,255,194
64,278,227
65,278,350
66,137,339
67,36,204
68,186,75
69,55,298
70,29,199
71,166,188
72,73,284
73,87,226
74,249,86
75,288,58
76,139,33
77,243,326
78,0,292
79,130,53
80,23,127
81,85,347
82,139,16
83,259,308
84,110,231
85,118,94
86,252,321
87,0,98
88,203,104
89,313,262
90,125,40
91,105,207
92,294,228
93,308,113
94,307,0
95,338,38
96,13,319
97,173,108
98,246,0
99,309,162
100,299,0
101,68,87
102,57,105
103,327,115
104,146,125
105,214,321
106,125,33
107,136,211
108,337,258
109,180,263
110,54,167
111,290,283
112,189,304
113,305,346
114,88,300
115,245,29
116,225,334
117,314,129
118,276,133
119,181,242
120,135,10
121,166,254
122,34,205
123,16,332
124,170,347
125,208,126
126,65,45
127,97,193
128,157,214
129,25,26
130,224,241
131,121,13
132,181,158
133,210,79
134,189,289
135,328,17
136,155,184
137,52,145
138,66,318
139,57,203
140,202,62
141,9,289
142,101,332
143,172,22
144,222,308
145,272,167
146,64,308
147,139,183
148,214,75
149,99,234
150,104,72
151,295,253
152,151,86
153,26,103
154,272,189
155,211,226
156,292,141
157,168,184
158,272,113
159,52,118
160,204,1
161,315,121
162,232,12
163,111,54
164,119,11
165,126,188
166,169,262
167,119,341
168,265,301
169,248,35
170,79,262
171,148,96
172,176,223
173,192,323
174,339,75
175,45,333
176,139,98
177,150,1
178,22,278
179,325,321
180,10,121
181,162,148
182,269,68
183,254,117
184,300,179
185,47,125
186,237,283
187,90,87
188,49,88
189,247,223
190,15,76
191,258,151
192,28,212
193,129,234
194,238,335
195,183,36
196,126,214
197,212,101
198,184,58
199,178,92
200,18,270
201,349,45
202,235,258
203,290,172
204,264,242
205,286,159
206,131,272
207,310,217
208,132,4
209,47,167
210,138,246
211,276,334
212,296,235
213,247,306
214,97,124
215,270,99
216,307,145
217,215,132
218,115,227
219,88,186
220,58,39
221,298,311
222,216,290
223,90,137
224,87,131
225,114,329
226,32,140
227,232,185
228,107,112
229,8,301
230,262,158
231,101,77
232,336,71
233,251,100
234,87,175
235,108,335
236,216,348
237,195,82
238,106,238
239,265,221
240,213,328
241,29,4
242,93,59
243,115,311
244,249,304
245,191,101
246,71,181
247,249,113
248,267,48
249,148,288
250,91,269
251,60,49
252,28,7
253,313,106
254,26,207
255,328,138
256,114,236
257,125,20
258,109,333
259,140,117
260,219,175
261,72,144
262,47,333
263,102,76
264,77,203
265,194,95
266,12,143
267,53,167
268,94,142
269,268,24
270,196,60
271,3,273
272,326,295
273,230,202
274,23,3
275,262,310
276,47,127
277,206,10
278,179,300
279,2,114
280,142,247
281,261,69
282,49,293
283,321,77
284,274,276
285,1,119
286,257,287
287,103,91
288,50,109
289,150,245
290,188,324
291,80,46
292,134,273
293,129,218
294,259,124
295,13,66
296,282,20
297,216,72
298,245,240
299,294,315
300,315,283
301,103,31
302,271,29
303,29,53
304,303,19
305,280,99
306,45,198
307,19,83
308,243,324
309,268,219
310,148,45
311,256,63
312,227,225
313,44,274
314,144,178
315,265,290
316,204,79
317,298,18
318,287,278
319,137,137
320,208,194
321,69,119
322,287,59
323,57,171
324,319,224
325,50,262
326,291,181
327,322,294
328,309,138
329,257,152
330,16,222
331,128,290
332,9,218
333,306,163
334,97,22
335,74,279
336,158,92
337,127,226
338,284,2
339,280,211
340,100,325
341,212,51
342,13,107
343,271,208
344,254,186
345,205,201
346,122,219
347,314,97
348,64,286
349,113,212
350,163,185
351,95,155
352,341,87
353,82,250
354,285,120
355,44,71
356,301,217
357,103,125
358,303,271
359,164,20
360,237,11
361,7,158
362,187,122
363,278,301
364,131,261
365,239,280
366,88,232
367,248,333
368,284,226
369,155,312
370,188,186
371,113,136
372,220,48
373,154,300
374,75,20
375,319,14
376,278,42
377,26,290
378,226,149
379,17,334
380,217,239
381,127,55
382,290,101
383,88,347
384,80,287
385,223,20
386,295,83
387,249,10
388,200,13
389,142,214
390,54,91
391,320,113
392,198,224
393,260,294
394,82,103
395,203,41
396,206,41
397,210,157
398,17,24
399,55,289
400,249,9
401,217,187
402,169,47
403,12,261
404,170,313
405,298,5
406,122,256
407,133,117
408,71,62
409,327,19
410,280,78
411,272,140
412,119,244
413,176,157
414,222,155
415,220,56
416,107,254
417,340,145
418,118,92
419,94,263
420,108,142
421,37,248
422,190,252
423,144,174
424,108,310
425,169,253
426,334,168
427,275,213
428,117,347
429,51,10
430,277,223
431,194,2
432,46,346
433,271,323
434,286,334
435,130,188
436,310,118
437,224,229
438,108,32
439,222,262
440,193,156
441,217,2
442,96,212
443,18,249
444,16,310
445,195,324
446,80,135
447,171,120
448,44,198
449,280,144
450,169,188
451,1,212
452,229,296
453,274,146
454,257,45
455,178,94
456,243,337
457,29,245
458,251,15
459,104,277
460,215,330
461,234,262
462,155,185
463,14,28
464,94,170
465,172,182
466,89,182
467,139,34
468,335,310
469,7,95
470,30,229
471,123,9
472,256,62
473,50,118
474,96,46
475,218,332
476,37,183
477,50,336
478,112,343
479,274,249
480,338,167
481,202,103
482,193,67
483,73,270
484,228,60
485,250,22
486,244,305
487,323,205
488,197,101
489,322,231
490,109,189
491,253,176
492,310,318
493,324,280
494,253,65
495,267,114
496,302,229
497,147,149
498,135,41
499,91,224
500,245,206
501,98,11
502,326,350
503,260,174
504,74,173
505,214,29
506,121,177
507,296,30
508,332,14
509,15,226
510,19,55
511,264,249
512,47,8
513,317,191
514,246,120
515,258,70
516,309,101
517,147,318
518,264,227
519,158,279
520,26,137
521,7,75
522,188,50
523,117,282
524,272,198
525,57,193
526,165,295
527,328,229
528,205,156
529,299,118
530,220,43
531,141,275
532,184,207
533,166,322
534,193,231
535,104,111
536,181,215
537,244,132
538,319,124
539,321,286
540,150,189
541,86,143
542,243,64
543,257,338
544,82,267
545,319,325
546,79,189
547,143,114
548,48,54
549,281,260
550,67,152
551,210,34
552,97,164
553,277,299
554,114,184
555,58,341
556,334,330
557,179,268
558,46,143
559,186,214
560,211,91
561,153,316
562,272,227
563,106,193
564,205,2
565,2,242
566,127,87
567,152,36
568,263,204
569,96,73
570,324,154
571,73,88
572,288,89
573,163,264
574,84,57
575,130,269
576,318,58
577,206,342
578,280,49
579,297,292
580,99,111
581,314,237
582,105,123
583,328,5
584,244,128
585,73,346
586,130,198
587,45,26
588,295,170
589,18,15
590,126,243
591,256,255
592,276,135
593,9,120
594,58,336
595,325,293
596,104,242
597,318,214
598,161,324
599,215,122
600,161,200
601,76,64
602,189,326
603,118,7
604,78,272
605,17,88
606,316,204
607,246,337
608,271,309
609,344,295
610,201,145
611,291,10
612,286,288
613,231,249
614,104,162
615,346,348
616,63,199
617,332,166
618,176,138
619,21,113
620,38,155
621,121,99
622,130,219
623,216,19
624,24,140
625,44,173
626,189,83
627,338,318
628,134,70
629,217,78
630,235,52
631,153,57
632,193,203
633,240,111
634,155,52
635,199,151
636,154,181
637,190,187
638,310,205
639,301,269
640,312,304
641,116,197
642,111,334
643,129,336
644,89,162
645,277,38
646,108,348
647,236,104
648,160,247
649,67,116
650,205,141
651,275,233
652,188,183
653,5,98
654,136,40
655,74,265
656,176,142
657,156,272
658,39,331
659,318,177
660,225,5
661,258,336
662,348,219
663,211,109
664,310,187
665,268,57
666,345,19
667,314,166
668,244,50
669,237,272
670,154,79
671,242,229
672,47,319
673,121,305
674,71,90
675,217,151
676,193,136
677,306,19
678,342,347
679,213,61
680,22,274
681,155,277
682,75,196
683,43,321
684,174,105
685,252,78
686,284,339
687,242,10
688,81,136
689,184,322
690,276,195
691,17,289
692,10,308
693,256,260
694,194,144
695,19,180
696,255,244
697,151,346
698,300,130
699,236,162
700,244,216
701,303,53
702,154,146
703,206,216
704,202,135
705,339,5
706,3,213
707,101,136
708,112,103
709,86,338
710,328,206
711,22,291
712,7,239
713,46,310
714,274,321
715,53,186
716,229,286
717,77,339
718,323,22
719,306,147
720,333,319
721,325,189
722,158,179
723,65,29
724,3,211
725,343,34
726,302,243
727,76,103
728,34,52
729,115,241
730,135,62
731,321,295
732,342,142
733,85,98
734,276,249
735,90,237
736,99,216
737,310,242
738,282,144
739,107,312
740,286,295
741,262,57
742,333,89
743,89,284
744,132,33
745,56,93
746,135,165
747,65,17
748,42,95
749,100,193
750,209,130
751,265,210
752,12,267
753,45,201
754,62,220
755,40,254
756,215,40
757,127,148
758,186,199
759,9,344
760,76,116
761,294,82
762,213,30
763,251,243
764,52,216
765,52,65
766,85,333
767,22,271
768,108,161
769,2,190
770,36,285
771,233,318
772,285,139
773,100,83
774,231,33
775,29,288
776,143,221
777,315,198
778,200,215
779,110,166
780,249,203
781,307,154
782,286,167
783,65,310
784,31,225
785,209,141
786,268,35
787,89,290
788,126,234
789,111,294
790,229,234
791,314,134
792,35,31
793,253,55
794,330,206
795,112,66
796,332,130
797,301,189
798,61,333
799,240,228
800,284,71
801,263,93
802,91,72
803,9,219
804,192,193
805,330,328
806,124,50
807,8,322
808,96,147
809,24,18
810,143,149
811,164,270
812,234,204
813,314,46
814,336,202
815,230,301
816,0,314
817,327,345
818,341,161
819,149,292
820,84,181
821,226,89
822,97,301
823,349,67
824,95,183
825,295,52
826,297,97
827,222,212
828,268,148
829,349,128
830,184,34
831,243,296
832,274,153
833,33,343
834,34,341
835,69,291
836,342,100
837,77,64
838,135,199
839,283,299
840,314,266
841,192,282
842,285,95
843,318,130
844,97,102
845,269,298
846,227,264
847,67,50
848,257,200
849,115,212
850,171,121
851,170,274
852,325,148
853,15,218
854,321,62
855,157,89
856,275,326
857,324,331
858,107,133
859,10,28
860,50,280
861,160,180
862,288,253
863,36,66
864,167,99
865,177,75
866,209,183
867,266,190
868,62,178
869,17,70
870,294,90
871,74,228
872,256,76
873,82,171
874,173,63
875,323,323
876,36,211
877,339,288
878,130,339
879,4,247
880,221,89
881,226,17
882,197,147
883,20,15
884,100,159
885,267,20
886,163,282
887,284,294
888,336,168
889,225,209
890,132,309
891,149,222
892,265,11
893,342,291
894,162,15
895,112,132
896,60,298
897,183,310
898,160,25
899,342,239
900,217,281
901,56,0
902,251,232
903,96,231
904,163,159
905,285,16
906,196,85
907,283,203
908,149,111
909,125,31
910,291,268
911,94,286
912,251,61
913,71,231
914,108,317
915,88,93
916,316,54
917,101,47
918,62,55
919,323,318
920,271,250
921,229,155
922,337,146
923,135,209
924,345,292
925,50,239
926,266,331
927,327,265
928,42,94
929,46,216
930,255,186
931,295,302
932,338,238
933,296,336
934,296,284
935,209,114
936,174,38
937,208,303
938,303,284
939,207,112
940,337,155
941,276,217
942,135,347
943,266,70
944,317,132
945,269,99
946,158,162
947,226,213
948,306,318
949,244,141
950,195,198
951,75,306
952,229,81
953,268,62
954,173,15
955,30,74
956,0,258
957,113,130
958,243,211
959,234,164
960,70,153
961,147,177
962,106,39
963,24,92
964,233,147
965,330,8
966,68,194
967,221,114
968,212,250
969,124,187
970,135,205
971,88,275
972,334,149
973,135,303
974,232,14
975,204,87
976,272,192
977,184,310
978,58,97
979,348,5
980,153,98
981,235,104
982,168,313
983,19,81
984,67,271
985,346,200
986,100,45
987,313,59
988,210,138
989,243,262
990,211,261
991,82,11
992,338,39
993,285,329
994,194,269
995,278,243
996,238,117
997,111,151
998,273,193
999,57,196
2435
0,266
0,361
0,80
0,624
1,613
1,130
1,380
1,202
1,968
1,990
2,138
2,766
2,709
2,717
3,476
3,53
3,625
3,209
3,695
4,240
4,460
4,58
4,105
4,475
5,720
5,627
5,179
5,468
6,126
6,847
6,27
6,251
6,220
6,291
6,723
7,90
7,106
7,909
7,806
7,438
8,971
8,743
8,911
8,384
8,250
8,459
9,186
9,365
9,716
9,669
10,288
10,748
10,39
10,159
10,928
11,726
11,212
11,737
11,496
11,92
12,124
12,697
12,602
12,598
13,996
13,584
13,537
13,967
14,134
14,18
14,112
14,841
14,937
15,410
15,800
15,17
15,182
16,704
16,57
16,676
16,650
16,362
17,801
17,410
17,800
18,841
18,134
18,937
19,619
19,180
19,593
19,80
19,153
19,342
20,533
20,689
20,982
20,404
21,345
21,320
21,950
21,632
21,38
21,652
21,866
22,74
22,233
22,685
22,872
23,333
23,781
23,99
23,719
23,782
24,747
24,901
24,374
24,429
24,512
25,282
25,713
25,775
25,399
26,417
26,940
26,922
26,732
27,847
27,918
27,251
27,126
27,765
28,322
28,75
28,800
28,182
28,825
29,492
29,919
29,640
29,179
29,948
30,854
30,987
30,576
30,46
30,47
30,283
31,481
31,88
31,245
31,488
31,362
32,754
32,913
32,871
32,764
32,925
33,844
33,394
33,733
33,580
34,61
34,374
34,991
34,334
34,501
35,89
35,151
35,840
35,639
36,662
36,932
36,899
36,527
37,880
37,560
37,821
37,55
37,952
38,703
38,778
38,345
39,102
39,288
39,978
39,745
39,321
39,649
40,72
40,348
40,335
40,984
41,601
41,408
41,837
41,918
42,426
42,888
42,480
42,617
43,315
43,59
43,286
43,393
43,284
44,319
44,702
44,497
44,810
44,104
44,757
45,892
45,458
45,885
45,387
46,576
46,854
46,916
46,987
46,813
47,283
47,386
47,870
48,786
48,302
48,269
48,885
49,946
49,904
49,497
49,181
50,68
50,626
50,865
50,237
50,199
51,896
51,69
51,146
51,783
52,108
52,877
52,927
52,893
53,625
53,695
53,476
53,620
54,354
54,158
54,529
54,698
55,560
55,975
55,316
55,133
55,629
56,597
56,487
56,606
56,207
56,638
57,676
57,704
57,650
57,362
58,445
58,240
58,105
59,286
59,315
59,284
60,638
60,207
60,356
60,907
61,374
61,334
61,991
61,501
62,276
62,185
62,473
62,159
62,137
62,558
63,848
63,344
63,930
63,780
64,430
64,368
64,651
64,562
65,686
65,211
65,434
65,933
66,878
66,942
66,643
66,697
67,122
67,876
67,70
67,448
67,192
67,254
67,306
67,753
67,929
68,626
68,482
68,237
68,865
68,874
69,896
69,282
69,399
69,146
69,713
70,122
70,254
70,876
71,450
71,350
71,157
71,465
71,600
72,335
72,384
72,835
72,348
73,499
73,366
73,903
73,735
73,442
73,736
73,871
73,913
74,685
74,872
74,801
75,322
75,825
75,578
76,467
76,654
76,744
76,498
76,567
77,308
77,367
77,86
77,194
77,456
77,771
78,141
78,229
78,692
78,691
79,381
79,806
79,730
79,498
80,520
80,226
80,624
81,383
81,717
81,709
81,585
82,120
82,208
82,257
82,909
82,177
83,275
83,168
83,244
83,845
83,213
84,218
84,256
84,238
84,729
85,418
85,621
85,566
85,708
86,308
86,275
86,367
87,653
87,469
87,342
87,279
88,481
88,488
88,663
88,939
88,197
88,265
88,935
89,840
89,358
89,639
89,927
90,106
90,744
90,909
90,806
91,349
91,736
91,442
91,849
92,212
92,496
92,368
92,356
93,436
93,253
93,161
93,529
93,347
93,516
94,100
94,405
94,375
94,611
95,992
95,725
95,201
95,718
96,807
96,444
96,692
96,123
96,379
96,816
97,684
97,864
97,447
97,850
98,400
98,387
98,687
98,360
99,333
99,667
99,781
100,405
100,611
100,338
101,674
101,571
101,978
101,745
102,288
102,978
102,649
102,321
103,391
103,538
103,161
103,117
103,836
104,259
104,547
104,319
104,407
105,240
105,460
105,475
105,144
106,909
106,744
107,923
107,389
107,970
107,293
107,776
107,891
108,927
108,899
108,932
109,557
109,851
109,166
109,425
109,422
109,994
110,267
110,323
110,209
110,625
110,550
110,960
111,612
111,318
111,934
111,579
111,938
112,977
112,897
112,278
113,933
113,857
113,434
113,993
114,822
114,787
114,951
114,384
115,169
115,485
115,774
115,458
116,475
116,460
116,240
116,194
116,236
117,944
117,843
117,791
117,538
117,161
118,592
118,411
118,772
118,738
118,354
119,422
119,534
119,425
119,121
120,208
120,257
120,471
120,177
121,425
121,648
121,166
121,573
121,289
122,876
122,192
122,254
122,306
122,448
122,929
123,379
123,807
123,759
124,697
124,602
124,598
125,750
125,599
125,217
125,704
126,847
126,251
126,220
127,749
127,563
127,219
127,824
128,891
128,776
128,600
128,389
129,398
129,809
129,792
129,463
130,380
130,790
130,613
130,437
130,968
131,164
131,471
131,603
131,257
131,208
132,413
132,440
132,694
132,882
132,656
133,148
133,316
133,629
133,297
134,841
134,278
135,409
135,508
135,718
135,375
135,965
136,462
136,636
136,861
136,540
136,722
136,961
137,558
137,620
137,550
138,783
138,146
138,951
139,616
139,999
139,525
139,966
139,764
140,270
140,482
140,679
140,341
140,522
141,691
141,229
141,178
141,711
142,235
142,340
142,258
142,642
143,954
143,359
143,894
143,830
143,898
144,815
144,771
144,452
144,937
145,230
145,503
145,205
145,782
146,783
146,951
147,314
147,961
147,435
147,423
148,629
148,297
148,316
149,903
149,238
149,596
149,735
150,263
150,231
150,795
150,569
150,242
151,862
151,726
151,549
152,855
152,336
152,670
152,171
152,176
152,628
152,980
153,619
153,963
153,342
154,976
154,998
154,690
154,867
155,703
155,778
155,437
155,380
156,772
156,738
156,698
156,449
157,465
157,450
157,350
158,495
158,354
158,294
158,215
158,945
159,473
159,185
159,276
159,288
160,564
160,277
160,431
160,388
160,441
161,538
161,436
161,391
162,974
162,360
162,881
162,660
162,385
163,917
163,986
163,795
163,806
164,471
164,603
164,257
165,969
165,435
165,586
165,641
165,506
165,838
166,573
166,811
166,425
166,557
166,648
167,428
167,478
167,642
167,643
167,225
167,646
167,878
168,845
168,393
168,608
168,275
169,454
169,485
169,668
170,544
170,655
170,483
170,604
170,353
171,980
171,855
171,176
171,336
171,670
172,536
172,559
172,532
172,534
173,445
173,602
173,290
173,689
174,232
174,823
174,352
174,742
175,262
175,477
175,658
175,834
175,833
176,566
176,908
177,894
177,208
178,680
178,767
178,200
178,775
178,691
179,875
179,919
179,545
179,468
179,556
179,720
179,805
180,593
180,279
180,285
180,619
181,702
181,904
181,618
181,413
181,656
182,943
182,953
182,281
182,665
183,247
183,294
183,514
183,584
183,495
184,326
184,588
184,664
184,797
184,203
185,276
185,473
186,365
186,716
186,669
187,915
187,773
187,231
187,733
187,287
188,390
188,745
188,748
188,928
188,355
189,671
189,799
189,700
189,902
190,983
190,869
190,307
190,521
190,295
191,329
191,230
191,828
191,411
192,254
192,876
192,784
193,788
193,337
193,590
193,412
193,280
194,456
194,607
194,367
195,830
195,936
195,522
195,402
196,293
196,622
196,346
196,923
196,349
196,849
197,663
197,481
197,560
198,522
198,482
198,874
198,270
199,455
199,626
199,864
199,684
200,767
200,680
200,752
200,271
200,403
201,992
201,725
201,823
202,461
202,989
202,846
202,613
203,588
203,782
203,326
203,205
204,511
204,920
204,696
204,479
205,782
205,588
205,832
206,292
206,575
206,531
206,364
207,597
207,324
207,356
208,471
209,267
209,625
209,323
209,620
210,280
210,289
210,590
210,788
211,686
211,856
211,993
211,434
211,433
212,496
212,726
213,244
213,486
213,831
214,357
214,582
214,858
214,224
215,945
215,801
215,305
216,719
216,328
216,781
216,791
217,988
217,750
217,785
218,346
218,256
218,788
219,466
219,820
219,824
219,546
220,251
220,723
220,587
221,299
221,948
221,931
221,492
222,900
222,716
222,452
222,937
223,268
223,541
223,224
223,688
223,808
224,688
224,446
225,642
225,258
225,235
226,520
226,624
226,558
227,260
227,401
227,273
227,780
228,535
228,580
228,708
228,844
229,692
229,444
229,816
230,329
230,828
231,263
231,569
231,773
231,795
231,802
232,823
232,283
232,854
232,352
233,633
233,801
233,247
234,873
234,820
234,464
234,466
234,824
235,258
235,642
235,340
235,478
235,646
236,577
236,475
236,460
237,906
237,626
237,316
237,975
238,596
238,256
238,729
239,309
239,518
239,562
239,427
240,460
240,475
240,577
241,252
241,274
241,883
241,589
242,574
242,917
242,802
242,291
243,673
243,914
243,424
243,739
243,890
244,486
244,831
245,488
245,265
245,481
246,546
246,504
246,868
246,873
247,514
247,633
247,294
247,647
247,981
247,996
248,665
248,741
248,454
248,645
248,376
249,819
249,519
249,681
249,373
249,531
250,971
250,419
250,544
250,459
251,918
251,847
251,548
252,274
252,883
252,589
253,516
253,391
253,347
253,529
255,796
255,922
255,852
255,843
256,729
256,412
256,596
257,909
257,603
258,642
258,340
259,547
259,407
259,908
260,866
260,401
260,959
261,550
261,688
261,960
261,446
262,477
262,658
262,594
262,555
262,683
263,569
263,773
263,795
263,802
264,682
264,966
264,616
264,546
265,488
265,481
266,624
266,520
266,361
267,323
267,625
267,550
267,868
268,808
268,707
268,541
269,885
269,302
269,786
269,892
270,482
270,522
271,752
271,403
271,956
272,595
272,327
272,731
272,539
272,877
272,893
273,812
273,889
273,827
273,947
274,883
274,589
275,608
276,473
277,388
277,564
277,623
277,431
277,441
278,977
278,897
278,526
279,285
279,593
279,342
280,289
280,364
281,515
281,943
281,311
281,872
281,685
281,953
282,399
282,896
282,770
282,860
283,742
284,612
284,318
285,593
285,342
286,393
286,315
287,773
287,844
287,708
288,473
289,648
290,602
290,689
290,445
291,574
291,847
292,575
292,531
292,364
293,622
293,346
293,923
294,495
295,869
295,521
295,510
295,303
296,905
296,611
296,302
296,507
297,629
297,679
297,484
298,763
298,902
298,696
298,671
299,948
299,931
299,993
300,539
300,493
300,595
300,327
300,358
300,938
301,438
301,962
301,334
301,986
302,786
302,645
302,885
303,728
303,510
303,863
304,677
304,317
304,507
304,611
305,842
305,382
305,572
305,945
306,448
306,753
306,476
306,715
307,983
307,605
307,963
307,955
308,367
308,771
309,427
309,941
309,562
309,518
309,751
310,634
310,567
310,467
310,631
311,472
311,494
311,912
311,515
311,741
311,793
312,437
312,790
312,947
312,799
313,860
313,770
313,325
313,399
314,961
314,423
314,636
314,746
315,393
315,845
316,975
316,906
317,677
317,611
317,507
317,405
317,905
318,934
318,612
318,910
319,757
319,497
319,810
320,345
320,401
320,866
321,649
321,760
322,825
322,578
323,868
324,489
324,527
324,597
325,755
325,421
325,984
326,797
326,588
327,731
327,595
327,539
327,493
327,640
328,791
328,944
328,843
328,698
328,719
329,828
329,949
330,509
330,853
330,803
330,332
330,470
331,523
331,973
331,673
331,531
332,803
332,853
332,706
332,451
332,509
332,724
333,667
333,781
333,588
334,438
334,501
334,991
335,604
335,384
335,984
336,855
336,980
336,864
336,670
337,346
337,622
337,788
338,611
338,405
338,905
339,427
339,941
339,907
339,343
340,914
341,372
341,415
341,530
341,679
341,395
341,396
342,619
342,653
342,469
343,427
343,751
343,568
344,930
344,491
344,867
344,503
345,950
345,401
346,849
346,349
346,622
347,516
347,391
348,835
348,399
348,860
349,849
350,861
350,450
350,465
350,722
351,884
351,644
351,808
351,614
352,742
352,836
352,823
353,419
353,735
353,655
354,529
355,765
355,863
355,955
356,496
356,638
357,582
357,858
357,895
358,639
358,840
358,910
359,898
359,894
359,954
360,687
360,974
360,881
360,660
361,624
361,520
362,676
362,447
362,618
362,850
363,553
363,839
363,887
363,740
363,608
363,845
364,575
364,406
365,669
365,716
366,735
366,903
366,499
367,607
367,456
367,543
367,661
368,430
368,651
368,941
369,561
369,517
369,533
369,598
369,373
370,637
370,652
370,804
370,950
371,895
371,420
371,858
371,957
371,757
372,530
372,415
372,756
372,484
372,774
373,819
373,526
374,991
374,723
374,747
375,409
375,718
375,583
375,677
376,645
376,578
376,786
377,775
377,711
377,691
377,770
378,921
378,414
378,964
378,675
378,699
379,759
379,807
380,437
380,968
381,806
381,730
381,498
381,628
382,842
382,826
382,870
383,709
383,717
383,766
384,743
384,787
384,835
385,881
385,623
385,974
385,505
385,762
385,774
386,761
386,870
386,572
386,842
387,400
387,458
387,687
387,485
388,431
388,564
389,776
389,923
389,891
390,745
390,978
390,748
390,928
391,436
391,516
391,836
392,534
392,703
392,778
392,559
394,733
394,727
394,915
394,674
394,760
395,396
395,551
395,762
396,551
396,756
397,528
397,675
397,635
397,414
398,463
398,809
398,859
398,589
398,883
399,896
399,860
400,458
400,687
401,866
402,936
402,634
402,830
402,631
403,752
403,767
403,443
403,956
404,982
404,533
404,598
405,611
405,905
406,412
406,575
406,590
407,547
407,908
408,601
408,837
408,918
409,718
409,508
410,800
410,572
411,592
411,453
411,449
411,828
412,729
412,590
412,788
412,416
413,904
413,656
414,675
414,921
414,964
414,699
414,959
415,679
415,484
415,630
416,596
416,419
416,729
417,922
417,732
417,972
417,829
418,621
418,566
418,708
419,971
419,544
420,707
420,997
420,858
421,755
421,457
421,925
422,557
422,994
423,961
423,746
423,946
424,739
424,914
424,822
424,789
425,648
426,888
426,617
426,480
426,818
427,941
427,751
427,907
428,478
428,646
428,643
429,512
429,901
429,747
429,587
430,562
430,941
431,564
432,477
432,594
432,555
432,834
432,833
433,714
433,856
433,926
434,686
434,993
434,933
435,969
435,586
435,506
436,538
436,529
436,698
437,790
438,962
439,846
439,990
439,461
439,968
440,635
440,882
440,610
440,528
441,660
441,564
442,736
442,499
443,457
443,712
443,879
443,565
444,692
444,807
445,602
446,688
446,541
447,850
447,684
448,753
449,738
449,772
449,453
449,832
450,465
450,600
451,724
451,706
451,803
451,769
452,815
452,716
452,900
453,828
453,832
453,738
454,793
454,786
455,684
455,864
455,626
456,607
457,755
457,470
458,485
458,687
458,892
459,911
459,523
460,475
460,577
461,846
461,989
461,669
462,636
462,540
462,861
463,859
463,809
464,552
464,644
464,614
466,820
466,824
467,654
467,498
467,744
467,567
468,627
468,720
468,609
468,924
469,653
469,605
470,784
470,509
470,853
471,603
472,494
472,912
472,741
472,668
472,793
474,986
474,917
474,962
474,574
475,577
476,625
476,695
477,594
477,555
477,798
478,646
479,734
479,920
479,995
479,511
479,549
480,888
480,617
480,818
481,488
481,939
483,604
483,655
483,984
484,630
485,687
486,831
486,771
486,815
487,710
487,794
487,606
487,597
487,777
487,814
489,527
489,581
489,737
489,932
490,563
490,554
490,641
490,749
491,503
491,930
491,867
492,948
492,545
493,539
493,595
493,927
494,912
494,515
494,542
495,945
496,581
497,810
497,702
497,946
498,654
498,744
499,903
499,736
500,780
500,958
500,700
500,812
501,991
502,817
502,678
502,857
502,615
503,930
504,873
504,820
504,868
505,762
505,551
505,623
506,554
506,969
506,746
506,779
507,677
508,965
508,718
508,583
508,666
508,705
508,979
509,803
509,853
509,712
510,728
510,869
511,920
511,591
511,696
511,693
512,901
512,747
512,587
513,777
513,664
513,721
513,606
514,584
514,996
514,537
515,872
515,685
515,943
516,826
517,561
517,598
517,890
518,562
518,651
519,681
519,886
519,657
519,811
519,819
520,624
521,869
521,983
522,936
522,874
523,789
523,575
524,690
524,998
524,976
524,867
524,568
525,999
525,616
525,715
526,886
526,819
527,932
527,899
528,635
528,882
528,610
529,698
530,756
530,551
530,774
531,575
532,559
532,536
532,758
532,632
533,598
533,982
533,561
534,703
534,536
535,580
535,708
535,844
536,559
536,632
537,584
537,949
538,843
538,944
538,796
539,595
540,636
540,861
540,600
541,688
541,808
541,960
542,912
542,793
542,630
543,661
543,926
543,607
544,604
544,971
544,655
545,875
545,857
545,919
546,682
546,820
546,966
547,908
548,765
548,863
548,918
548,728
549,862
549,910
549,920
549,734
550,960
551,762
551,756
552,884
552,614
552,644
553,839
553,887
553,845
553,608
554,563
554,969
555,594
555,798
556,805
556,857
556,875
556,615
556,678
556,817
557,851
557,841
557,994
558,620
559,632
560,975
560,880
561,598
562,651
563,749
563,641
565,712
565,879
565,956
566,621
566,628
567,898
567,634
568,751
568,848
569,802
570,852
570,972
570,617
570,667
571,674
571,733
571,915
572,870
572,842
572,761
572,826
573,811
573,657
573,851
574,837
574,601
576,854
576,916
576,987
576,813
578,645
579,934
579,938
579,931
580,844
581,737
581,726
582,957
582,895
583,965
583,705
584,996
584,949
585,717
585,709
585,798
585,766
586,838
586,970
587,792
588,782
589,883
589,809
589,859
590,788
590,729
591,693
591,696
591,763
591,989
592,772
592,738
594,798
595,731
595,640
596,729
597,638
597,710
597,794
598,982
599,750
599,935
599,967
601,837
602,689
604,655
605,963
605,983
605,653
606,638
606,777
607,661
609,924
609,893
609,877
610,882
610,650
610,635
610,694
610,785
611,905
612,887
612,740
612,934
613,989
614,768
614,884
614,779
614,997
615,678
615,817
616,966
616,999
616,682
617,888
617,818
617,659
618,656
618,676
621,708
623,881
626,906
626,865
627,720
627,805
628,730
629,821
629,952
630,668
631,634
631,654
632,950
632,758
633,996
633,981
633,647
635,882
635,694
636,722
636,861
636,961
637,652
637,804
637,950
638,777
639,910
640,731
641,969
643,878
643,942
644,873
645,786
647,981
647,996
649,760
650,785
650,988
650,704
650,882
651,995
652,804
654,744
655,984
657,681
657,811
657,886
658,834
658,683
658,672
658,833
659,664
659,667
659,721
660,974
661,926
662,814
662,794
662,932
662,985
663,939
663,935
663,967
664,797
665,953
665,741
666,705
666,979
666,725
667,781
668,793
668,912
669,846
669,989
670,855
671,799
671,902
672,683
672,713
672,798
673,890
673,789
673,914
673,973
674,727
675,785
676,694
676,704
678,817
680,767
680,752
681,886
681,811
682,966
683,713
684,864
684,850
685,872
686,993
686,933
689,897
689,977
690,998
690,976
690,907
691,711
692,816
693,989
693,920
694,882
695,769
696,763
697,942
699,959
699,921
700,958
700,799
701,825
701,987
701,813
701,916
702,810
703,778
704,750
704,785
704,988
705,979
705,965
706,724
706,803
706,769
707,858
707,895
709,766
709,717
710,794
710,814
710,985
711,775
712,879
714,856
714,926
714,993
715,868
715,999
716,900
717,766
718,992
719,781
720,805
721,777
721,814
722,861
723,747
724,803
724,769
725,992
726,737
727,733
727,915
727,760
728,863
730,806
732,922
732,972
732,796
732,829
733,915
734,920
734,995
734,862
735,903
738,772
738,832
739,914
739,822
740,887
740,839
740,931
741,953
741,793
742,836
742,823
743,911
743,787
743,971
744,909
745,978
746,961
747,901
748,928
749,824
750,988
751,848
752,767
752,956
753,876
754,764
754,913
754,871
755,925
756,762
757,810
758,804
758,950
759,807
759,833
761,870
761,800
763,902
764,929
765,918
768,779
768,884
768,997
770,775
773,802
776,891
776,923
777,797
779,884
780,848
780,958
783,951
784,876
784,929
784,925
785,988
787,911
787,822
789,822
790,799
791,944
791,843
792,809
792,883
793,912
794,814
794,985
796,843
796,829
799,902
801,945
803,853
804,950
805,857
805,875
807,816
809,883
811,851
812,958
812,947
812,889
812,827
813,916
814,985
815,831
817,857
818,940
818,888
819,886
819,973
820,873
821,880
821,952
826,870
827,889
827,947
828,832
829,922
830,936
833,834
835,896
838,970
838,923
839,887
840,927
841,994
842,870
843,944
844,915
846,900
846,990
847,918
851,886
852,972
852,922
854,987
854,916
855,980
855,864
856,926
856,993
857,875
858,895
858,957
859,883
862,995
863,955
865,874
867,976
867,998
867,930
869,983
869,955
871,913
872,943
875,919
876,929
877,893
877,924
878,942
879,956
880,952
881,974
884,997
885,892
887,931
889,947
890,973
893,924
894,898
894,954
895,957
897,977
898,954
899,932
904,946
906,975
907,998
908,980
916,987
917,986
917,962
920,995
921,964
921,959
922,972
922,940
923,970
933,993
934,938
935,939
935,967
940,972
943,953
949,964
955,983
962,986
963,983
965,979
968,990
976,998
981,996
990,994
265,61,987,962,553,764,683,601,335,823,999,222,59,84,321,816,887,377,267,631,360,572,533,721,972,868,131,283,366,681,890,407,963,124,375,694,51,332,781,242,723,678,747,842,944,941,134,828,875,718,11,860,510,444,997,212,955,266,294,927,237,881,179,26,209,797,406,240,460,698,507,177,485,245,100,821,862,858,910,634,637,708,932,607,277,713,15,967,880,477,200,352,219,814,876,720,990,234,945,443,851,354,116,299,914,457,517,388,96,709,648,822,993,505,41,13,238,454,390,295,717,132,31,991,612,604,830,150,68,496,897,223,742,759,777,879,32,960,492,801,703,844,426,473,965,934,952,696,719,949,829,711,105,28,538,679,493,833,195,342,285,835,178,447,425,34,378,395,744,539,106,47,574,99,205,992,148,603,256,193,836,909,298,532,857,662,873,489,802,536,826,611,981,788,293,568,176,497,863,924,92,451,682,968,908,470,593,700,684,21,912,643,702,901,767,660,81,422,419,739,564,587,327,376,170,300,537,919,429,153,824,488,464,509,808,820,69,77,71,705,605,10,809,628,33,333,404,746,600,900,0,542,107,226,526,800,75,474,400,423,985,710,224,531,500,691,459,903,275,440,501,953,907,772,461,961,727,617,906,796,204,36,896,1,915,427,925,986,498,937,839,138,372,763,145,471,899,514,674,328,512,765,259,636,417,845,190,16,846,287,766,865,975,432,46,288,50,411,630,690,313,658,147,905,236,317,676,405,63,807,565,616,118,958,230,689,386,167,502,18,799,452,817,562,441,174,214,998,463,73,289,250,25,248,970,421,738,231,852,560,57,668,371,98,527,270,373,578,232,264,483,211,602,402,623,831,3,137,577,675,135,714,748,182,481,697,126,872,943,445,522,2,566,530,187,37,166,101,760,619,939,866,114,843,989,88,130,650,381,491,786,785,322,162,65,479,642,185,792,712,494,261,627,525,121,257,109,136,853,837,885,439,165,291,62,757,428,112,384,414,732,103,369,680,345,368,180,347,5,9,91,541,664,113,325,749,424,731,292,312,52,94,76,410,324,260,787,803,296,475,418,513,935,431,841,364,654,246,988,573,591,892,936,274,308,4,161,888,957,784,688,811,117,456,455,918,733,396,67,931
